Pitch Offset,Pitch Bend,Pitch Bend Hex,Delta Pitch Bend,Linear Pitch Offset,Linear Pitch Offset Delta,Piecewise Pitch Offset,Piecewise Pitch Offset Delta
-500,0,"0x0000",0,-500.000,0.000,-500.000,0.000
-499,17,"0x0011",17,-499.023,0.023,-498.962,-0.038
-498,33,"0x0021",16,-498.047,0.047,-497.986,-0.014
-497,50,"0x0032",17,-497.009,0.009,-496.948,-0.052
-496,66,"0x0042",16,-496.032,0.032,-495.972,-0.028
-495,82,"0x0052",16,-495.056,0.056,-494.995,-0.005
-494,99,"0x0063",17,-494.018,0.018,-493.958,-0.042
-493,115,"0x0073",16,-493.041,0.041,-492.981,-0.019
-492,132,"0x0084",17,-492.003,0.003,-491.943,-0.057
-491,148,"0x0094",16,-491.027,0.027,-490.967,-0.033
-490,164,"0x00A4",16,-490.050,0.050,-489.990,-0.010
-489,181,"0x00B5",17,-489.012,0.012,-488.953,-0.047
-488,197,"0x00C5",16,-488.036,0.036,-487.976,-0.024
-487,213,"0x00D5",16,-487.059,0.059,-487.000,-0.000
-486,230,"0x00E6",17,-486.021,0.021,-485.962,-0.038
-485,246,"0x00F6",16,-485.045,0.045,-484.985,-0.015
-484,263,"0x0107",17,-484.007,0.007,-483.948,-0.052
-483,279,"0x0117",16,-483.030,0.030,-482.971,-0.029
-482,295,"0x0127",16,-482.053,0.053,-481.995,-0.005
-481,312,"0x0138",17,-481.016,0.016,-480.957,-0.043
-480,328,"0x0148",16,-480.039,0.039,-479.980,-0.020
-479,345,"0x0159",17,-479.001,0.001,-478.943,-0.057
-478,361,"0x0169",16,-478.025,0.025,-477.966,-0.034
-477,377,"0x0179",16,-477.048,0.048,-476.990,-0.010
-476,394,"0x018A",17,-476.010,0.010,-475.952,-0.048
-475,410,"0x019A",16,-475.034,0.034,-474.976,-0.024
-474,426,"0x01AA",16,-474.057,0.057,-473.999,-0.001
-473,443,"0x01BB",17,-473.019,0.019,-472.961,-0.039
-472,459,"0x01CB",16,-472.042,0.042,-471.985,-0.015
-471,476,"0x01DC",17,-471.005,0.005,-470.947,-0.053
-470,492,"0x01EC",16,-470.028,0.028,-469.971,-0.029
-469,508,"0x01FC",16,-469.051,0.051,-468.994,-0.006
-468,525,"0x020D",17,-468.014,0.014,-467.957,-0.043
-467,541,"0x021D",16,-467.037,0.037,-466.980,-0.020
-466,558,"0x022E",17,-465.999,-0.001,-465.942,-0.058
-465,574,"0x023E",16,-465.023,0.023,-464.966,-0.034
-464,590,"0x024E",16,-464.046,0.046,-463.989,-0.011
-463,607,"0x025F",17,-463.008,0.008,-462.952,-0.048
-462,623,"0x026F",16,-462.031,0.031,-461.975,-0.025
-461,639,"0x027F",16,-461.055,0.055,-460.999,-0.001
-460,656,"0x0290",17,-460.017,0.017,-459.961,-0.039
-459,672,"0x02A0",16,-459.040,0.040,-458.984,-0.016
-458,689,"0x02B1",17,-458.003,0.003,-457.947,-0.053
-457,705,"0x02C1",16,-457.026,0.026,-456.970,-0.030
-456,721,"0x02D1",16,-456.049,0.049,-455.994,-0.006
-455,738,"0x02E2",17,-455.012,0.012,-454.956,-0.044
-454,754,"0x02F2",16,-454.035,0.035,-453.979,-0.021
-453,771,"0x0303",17,-452.997,-0.003,-452.942,-0.058
-452,787,"0x0313",16,-452.021,0.021,-451.965,-0.035
-451,803,"0x0323",16,-451.044,0.044,-450.989,-0.011
-450,820,"0x0334",17,-450.006,0.006,-449.951,-0.049
-449,836,"0x0344",16,-449.029,0.029,-448.975,-0.025
-448,852,"0x0354",16,-448.053,0.053,-447.998,-0.002
-447,869,"0x0365",17,-447.015,0.015,-446.960,-0.040
-446,885,"0x0375",16,-446.038,0.038,-445.984,-0.016
-445,902,"0x0386",17,-445.001,0.001,-444.946,-0.054
-444,918,"0x0396",16,-444.024,0.024,-443.970,-0.030
-443,934,"0x03A6",16,-443.047,0.047,-442.993,-0.007
-442,951,"0x03B7",17,-442.010,0.010,-441.956,-0.044
-441,967,"0x03C7",16,-441.033,0.033,-440.979,-0.021
-440,984,"0x03D8",17,-439.995,-0.005,-439.941,-0.059
-439,1000,"0x03E8",16,-439.018,0.018,-438.965,-0.035
-438,1016,"0x03F8",16,-438.042,0.042,-437.988,-0.012
-437,1033,"0x0409",17,-437.004,0.004,-436.951,-0.049
-436,1049,"0x0419",16,-436.027,0.027,-435.974,-0.026
-435,1065,"0x0429",16,-435.051,0.051,-434.998,-0.002
-434,1082,"0x043A",17,-434.013,0.013,-433.960,-0.040
-433,1098,"0x044A",16,-433.036,0.036,-432.983,-0.017
-432,1115,"0x045B",17,-431.999,-0.001,-431.946,-0.054
-431,1131,"0x046B",16,-431.022,0.022,-430.969,-0.031
-430,1147,"0x047B",16,-430.045,0.045,-429.993,-0.007
-429,1164,"0x048C",17,-429.007,0.007,-428.955,-0.045
-428,1180,"0x049C",16,-428.031,0.031,-427.979,-0.021
-427,1197,"0x04AD",17,-426.993,-0.007,-426.941,-0.059
-426,1213,"0x04BD",16,-426.016,0.016,-425.964,-0.036
-425,1229,"0x04CD",16,-425.040,0.040,-424.988,-0.012
-424,1246,"0x04DE",17,-424.002,0.002,-423.950,-0.050
-423,1262,"0x04EE",16,-423.025,0.025,-422.974,-0.026
-422,1278,"0x04FE",16,-422.049,0.049,-421.997,-0.003
-421,1295,"0x050F",17,-421.011,0.011,-420.959,-0.041
-420,1311,"0x051F",16,-420.034,0.034,-419.983,-0.017
-419,1328,"0x0530",17,-418.996,-0.004,-418.945,-0.055
-418,1344,"0x0540",16,-418.020,0.020,-417.969,-0.031
-417,1360,"0x0550",16,-417.043,0.043,-416.992,-0.008
-416,1377,"0x0561",17,-416.005,0.005,-415.955,-0.045
-415,1393,"0x0571",16,-415.029,0.029,-414.978,-0.022
-414,1410,"0x0582",17,-413.991,-0.009,-413.940,-0.060
-413,1426,"0x0592",16,-413.014,0.014,-412.964,-0.036
-412,1442,"0x05A2",16,-412.038,0.038,-411.987,-0.013
-411,1459,"0x05B3",17,-411.000,-0.000,-410.950,-0.050
-410,1475,"0x05C3",16,-410.023,0.023,-409.973,-0.027
-409,1491,"0x05D3",16,-409.047,0.047,-408.997,-0.003
-408,1508,"0x05E4",17,-408.009,0.009,-407.959,-0.041
-407,1524,"0x05F4",16,-407.032,0.032,-406.982,-0.018
-406,1541,"0x0605",17,-405.994,-0.006,-405.945,-0.055
-405,1557,"0x0615",16,-405.018,0.018,-404.968,-0.032
-404,1573,"0x0625",16,-404.041,0.041,-403.992,-0.008
-403,1590,"0x0636",17,-403.003,0.003,-402.954,-0.046
-402,1606,"0x0646",16,-402.027,0.027,-401.978,-0.022
-401,1623,"0x0657",17,-400.989,-0.011,-400.940,-0.060
-400,1639,"0x0667",16,-400.012,0.012,-399.963,-0.037
-399,1655,"0x0677",16,-399.036,0.036,-398.987,-0.013
-398,1672,"0x0688",17,-397.998,-0.002,-397.949,-0.051
-397,1688,"0x0698",16,-397.021,0.021,-396.973,-0.027
-396,1704,"0x06A8",16,-396.044,0.044,-395.996,-0.004
-395,1721,"0x06B9",17,-395.007,0.007,-394.958,-0.042
-394,1737,"0x06C9",16,-394.030,0.030,-393.982,-0.018
-393,1754,"0x06DA",17,-392.992,-0.008,-392.944,-0.056
-392,1770,"0x06EA",16,-392.016,0.016,-391.968,-0.032
-391,1786,"0x06FA",16,-391.039,0.039,-390.991,-0.009
-390,1803,"0x070B",17,-390.001,0.001,-389.954,-0.046
-389,1819,"0x071B",16,-389.025,0.025,-388.977,-0.023
-388,1836,"0x072C",17,-387.987,-0.013,-387.939,-0.061
-387,1852,"0x073C",16,-387.010,0.010,-386.963,-0.037
-386,1868,"0x074C",16,-386.033,0.033,-385.986,-0.014
-385,1885,"0x075D",17,-384.996,-0.004,-384.949,-0.051
-384,1901,"0x076D",16,-384.019,0.019,-383.972,-0.028
-383,1917,"0x077D",16,-383.042,0.042,-382.996,-0.004
-382,1934,"0x078E",17,-382.005,0.005,-381.958,-0.042
-381,1950,"0x079E",16,-381.028,0.028,-380.981,-0.019
-380,1967,"0x07AF",17,-379.990,-0.010,-379.944,-0.056
-379,1983,"0x07BF",16,-379.014,0.014,-378.967,-0.033
-378,1999,"0x07CF",16,-378.037,0.037,-377.991,-0.009
-377,2016,"0x07E0",17,-376.999,-0.001,-376.953,-0.047
-376,2032,"0x07F0",16,-376.022,0.022,-375.977,-0.023
-375,2048,"0x0800",16,-375.046,0.046,-375.000,0.000
-374,2065,"0x0811",17,-374.008,0.008,-373.962,-0.038
-373,2081,"0x0821",16,-373.031,0.031,-372.986,-0.014
-372,2098,"0x0832",17,-371.994,-0.006,-371.948,-0.052
-371,2114,"0x0842",16,-371.017,0.017,-370.972,-0.028
-370,2130,"0x0852",16,-370.040,0.040,-369.995,-0.005
-369,2147,"0x0863",17,-369.003,0.003,-368.958,-0.042
-368,2163,"0x0873",16,-368.026,0.026,-367.981,-0.019
-367,2180,"0x0884",17,-366.988,-0.012,-366.943,-0.057
-366,2196,"0x0894",16,-366.011,0.011,-365.967,-0.033
-365,2212,"0x08A4",16,-365.035,0.035,-364.990,-0.010
-364,2229,"0x08B5",17,-363.997,-0.003,-363.953,-0.047
-363,2245,"0x08C5",16,-363.020,0.020,-362.976,-0.024
-362,2261,"0x08D5",16,-362.044,0.044,-362.000,-0.000
-361,2278,"0x08E6",17,-361.006,0.006,-360.962,-0.038
-360,2294,"0x08F6",16,-360.029,0.029,-359.985,-0.015
-359,2311,"0x0907",17,-358.992,-0.008,-358.948,-0.052
-358,2327,"0x0917",16,-358.015,0.015,-357.971,-0.029
-357,2343,"0x0927",16,-357.038,0.038,-356.995,-0.005
-356,2360,"0x0938",17,-356.000,0.000,-355.957,-0.043
-355,2376,"0x0948",16,-355.024,0.024,-354.980,-0.020
-354,2393,"0x0959",17,-353.986,-0.014,-353.943,-0.057
-353,2409,"0x0969",16,-353.009,0.009,-352.966,-0.034
-352,2425,"0x0979",16,-352.033,0.033,-351.990,-0.010
-351,2442,"0x098A",17,-350.995,-0.005,-350.952,-0.048
-350,2458,"0x099A",16,-350.018,0.018,-349.976,-0.024
-349,2474,"0x09AA",16,-349.042,0.042,-348.999,-0.001
-348,2491,"0x09BB",17,-348.004,0.004,-347.961,-0.039
-347,2507,"0x09CB",16,-347.027,0.027,-346.985,-0.015
-346,2524,"0x09DC",17,-345.990,-0.010,-345.947,-0.053
-345,2540,"0x09EC",16,-345.013,0.013,-344.971,-0.029
-344,2556,"0x09FC",16,-344.036,0.036,-343.994,-0.006
-343,2573,"0x0A0D",17,-342.998,-0.002,-342.957,-0.043
-342,2589,"0x0A1D",16,-342.022,0.022,-341.980,-0.020
-341,2606,"0x0A2E",17,-340.984,-0.016,-340.942,-0.058
-340,2622,"0x0A3E",16,-340.007,0.007,-339.966,-0.034
-339,2638,"0x0A4E",16,-339.031,0.031,-338.989,-0.011
-338,2655,"0x0A5F",17,-337.993,-0.007,-337.952,-0.048
-337,2671,"0x0A6F",16,-337.016,0.016,-336.975,-0.025
-336,2687,"0x0A7F",16,-336.040,0.040,-335.999,-0.001
-335,2704,"0x0A90",17,-335.002,0.002,-334.961,-0.039
-334,2720,"0x0AA0",16,-334.025,0.025,-333.984,-0.016
-333,2737,"0x0AB1",17,-332.987,-0.013,-332.947,-0.053
-332,2753,"0x0AC1",16,-332.011,0.011,-331.970,-0.030
-331,2769,"0x0AD1",16,-331.034,0.034,-330.994,-0.006
-330,2786,"0x0AE2",17,-329.996,-0.004,-329.956,-0.044
-329,2802,"0x0AF2",16,-329.020,0.020,-328.979,-0.021
-328,2819,"0x0B03",17,-327.982,-0.018,-327.942,-0.058
-327,2835,"0x0B13",16,-327.005,0.005,-326.965,-0.035
-326,2851,"0x0B23",16,-326.029,0.029,-325.989,-0.011
-325,2868,"0x0B34",17,-324.991,-0.009,-324.951,-0.049
-324,2884,"0x0B44",16,-324.014,0.014,-323.975,-0.025
-323,2900,"0x0B54",16,-323.037,0.037,-322.998,-0.002
-322,2917,"0x0B65",17,-322.000,-0.000,-321.960,-0.040
-321,2933,"0x0B75",16,-321.023,0.023,-320.984,-0.016
-320,2950,"0x0B86",17,-319.985,-0.015,-319.946,-0.054
-319,2966,"0x0B96",16,-319.009,0.009,-318.970,-0.030
-318,2982,"0x0BA6",16,-318.032,0.032,-317.993,-0.007
-317,2999,"0x0BB7",17,-316.994,-0.006,-316.956,-0.044
-316,3015,"0x0BC7",16,-316.018,0.018,-315.979,-0.021
-315,3032,"0x0BD8",17,-314.980,-0.020,-314.941,-0.059
-314,3048,"0x0BE8",16,-314.003,0.003,-313.965,-0.035
-313,3064,"0x0BF8",16,-313.026,0.026,-312.988,-0.012
-312,3081,"0x0C09",17,-311.989,-0.011,-311.951,-0.049
-311,3097,"0x0C19",16,-311.012,0.012,-310.974,-0.026
-310,3113,"0x0C29",16,-310.035,0.035,-309.998,-0.002
-309,3130,"0x0C3A",17,-308.998,-0.002,-308.960,-0.040
-308,3146,"0x0C4A",16,-308.021,0.021,-307.983,-0.017
-307,3163,"0x0C5B",17,-306.983,-0.017,-306.946,-0.054
-306,3179,"0x0C6B",16,-306.007,0.007,-305.969,-0.031
-305,3195,"0x0C7B",16,-305.030,0.030,-304.993,-0.007
-304,3212,"0x0C8C",17,-303.992,-0.008,-303.955,-0.045
-303,3228,"0x0C9C",16,-303.016,0.016,-302.979,-0.021
-302,3245,"0x0CAD",17,-301.978,-0.022,-301.941,-0.059
-301,3261,"0x0CBD",16,-301.001,0.001,-300.964,-0.036
-300,3277,"0x0CCD",16,-300.024,0.024,-299.988,-0.012
-299,3294,"0x0CDE",17,-298.987,-0.013,-298.950,-0.050
-298,3310,"0x0CEE",16,-298.010,0.010,-297.974,-0.026
-297,3326,"0x0CFE",16,-297.033,0.033,-296.997,-0.003
-296,3343,"0x0D0F",17,-295.996,-0.004,-295.959,-0.041
-295,3359,"0x0D1F",16,-295.019,0.019,-294.983,-0.017
-294,3376,"0x0D30",17,-293.981,-0.019,-293.945,-0.055
-293,3392,"0x0D40",16,-293.005,0.005,-292.969,-0.031
-292,3408,"0x0D50",16,-292.028,0.028,-291.992,-0.008
-291,3425,"0x0D61",17,-290.990,-0.010,-290.955,-0.045
-290,3441,"0x0D71",16,-290.013,0.013,-289.978,-0.022
-289,3458,"0x0D82",17,-288.976,-0.024,-288.940,-0.060
-288,3474,"0x0D92",16,-287.999,-0.001,-287.964,-0.036
-287,3490,"0x0DA2",16,-287.022,0.022,-286.987,-0.013
-286,3507,"0x0DB3",17,-285.985,-0.015,-285.950,-0.050
-285,3523,"0x0DC3",16,-285.008,0.008,-284.973,-0.027
-284,3539,"0x0DD3",16,-284.031,0.031,-283.997,-0.003
-283,3556,"0x0DE4",17,-282.994,-0.006,-282.959,-0.041
-282,3572,"0x0DF4",16,-282.017,0.017,-281.982,-0.018
-281,3589,"0x0E05",17,-280.979,-0.021,-280.945,-0.055
-280,3605,"0x0E15",16,-280.002,0.002,-279.968,-0.032
-279,3621,"0x0E25",16,-279.026,0.026,-278.992,-0.008
-278,3638,"0x0E36",17,-277.988,-0.012,-277.954,-0.046
-277,3654,"0x0E46",16,-277.011,0.011,-276.978,-0.022
-276,3671,"0x0E57",17,-275.974,-0.026,-275.940,-0.060
-275,3687,"0x0E67",16,-274.997,-0.003,-274.963,-0.037
-274,3703,"0x0E77",16,-274.020,0.020,-273.987,-0.013
-273,3720,"0x0E88",17,-272.983,-0.017,-272.949,-0.051
-272,3736,"0x0E98",16,-272.006,0.006,-271.973,-0.027
-271,3752,"0x0EA8",16,-271.029,0.029,-270.996,-0.004
-270,3769,"0x0EB9",17,-269.991,-0.009,-269.958,-0.042
-269,3785,"0x0EC9",16,-269.015,0.015,-268.982,-0.018
-268,3802,"0x0EDA",17,-267.977,-0.023,-267.944,-0.056
-267,3818,"0x0EEA",16,-267.000,0.000,-266.968,-0.032
-266,3834,"0x0EFA",16,-266.024,0.024,-265.991,-0.009
-265,3851,"0x0F0B",17,-264.986,-0.014,-264.954,-0.046
-264,3867,"0x0F1B",16,-264.009,0.009,-263.977,-0.023
-263,3884,"0x0F2C",17,-262.972,-0.028,-262.939,-0.061
-262,3900,"0x0F3C",16,-261.995,-0.005,-261.963,-0.037
-261,3916,"0x0F4C",16,-261.018,0.018,-260.986,-0.014
-260,3933,"0x0F5D",17,-259.980,-0.020,-259.949,-0.051
-259,3949,"0x0F6D",16,-259.004,0.004,-258.972,-0.028
-258,3965,"0x0F7D",16,-258.027,0.027,-257.996,-0.004
-257,3982,"0x0F8E",17,-256.989,-0.011,-256.958,-0.042
-256,3998,"0x0F9E",16,-256.013,0.013,-255.981,-0.019
-255,4015,"0x0FAF",17,-254.975,-0.025,-254.944,-0.056
-254,4031,"0x0FBF",16,-253.998,-0.002,-253.967,-0.033
-253,4047,"0x0FCF",16,-253.022,0.022,-252.991,-0.009
-252,4064,"0x0FE0",17,-251.984,-0.016,-251.953,-0.047
-251,4080,"0x0FF0",16,-251.007,0.007,-250.977,-0.023
-250,4096,"0x1000",16,-250.031,0.031,-250.000,0.000
-249,4113,"0x1011",17,-248.993,-0.007,-248.962,-0.038
-248,4129,"0x1021",16,-248.016,0.016,-247.986,-0.014
-247,4146,"0x1032",17,-246.978,-0.022,-246.948,-0.052
-246,4162,"0x1042",16,-246.002,0.002,-245.972,-0.028
-245,4178,"0x1052",16,-245.025,0.025,-244.995,-0.005
-244,4195,"0x1063",17,-243.987,-0.013,-243.958,-0.042
-243,4211,"0x1073",16,-243.011,0.011,-242.981,-0.019
-242,4228,"0x1084",17,-241.973,-0.027,-241.943,-0.057
-241,4244,"0x1094",16,-240.996,-0.004,-240.967,-0.033
-240,4260,"0x10A4",16,-240.020,0.020,-239.990,-0.010
-239,4277,"0x10B5",17,-238.982,-0.018,-238.953,-0.047
-238,4293,"0x10C5",16,-238.005,0.005,-237.976,-0.024
-237,4309,"0x10D5",16,-237.028,0.028,-237.000,-0.000
-236,4326,"0x10E6",17,-235.991,-0.009,-235.962,-0.038
-235,4342,"0x10F6",16,-235.014,0.014,-234.985,-0.015
-234,4359,"0x1107",17,-233.976,-0.024,-233.948,-0.052
-233,4375,"0x1117",16,-233.000,-0.000,-232.971,-0.029
-232,4391,"0x1127",16,-232.023,0.023,-231.995,-0.005
-231,4408,"0x1138",17,-230.985,-0.015,-230.957,-0.043
-230,4424,"0x1148",16,-230.009,0.009,-229.980,-0.020
-229,4441,"0x1159",17,-228.971,-0.029,-228.943,-0.057
-228,4457,"0x1169",16,-227.994,-0.006,-227.966,-0.034
-227,4473,"0x1179",16,-227.017,0.017,-226.990,-0.010
-226,4490,"0x118A",17,-225.980,-0.020,-225.952,-0.048
-225,4506,"0x119A",16,-225.003,0.003,-224.976,-0.024
-224,4522,"0x11AA",16,-224.026,0.026,-223.999,-0.001
-223,4539,"0x11BB",17,-222.989,-0.011,-222.961,-0.039
-222,4555,"0x11CB",16,-222.012,0.012,-221.985,-0.015
-221,4572,"0x11DC",17,-220.974,-0.026,-220.947,-0.053
-220,4588,"0x11EC",16,-219.998,-0.002,-219.971,-0.029
-219,4604,"0x11FC",16,-219.021,0.021,-218.994,-0.006
-218,4621,"0x120D",17,-217.983,-0.017,-217.957,-0.043
-217,4637,"0x121D",16,-217.006,0.006,-216.980,-0.020
-216,4654,"0x122E",17,-215.969,-0.031,-215.942,-0.058
-215,4670,"0x123E",16,-214.992,-0.008,-214.966,-0.034
-214,4686,"0x124E",16,-214.015,0.015,-213.989,-0.011
-213,4703,"0x125F",17,-212.978,-0.022,-212.952,-0.048
-212,4719,"0x126F",16,-212.001,0.001,-211.975,-0.025
-211,4735,"0x127F",16,-211.024,0.024,-210.999,-0.001
-210,4752,"0x1290",17,-209.987,-0.013,-209.961,-0.039
-209,4768,"0x12A0",16,-209.010,0.010,-208.984,-0.016
-208,4785,"0x12B1",17,-207.972,-0.028,-207.947,-0.053
-207,4801,"0x12C1",16,-206.995,-0.005,-206.970,-0.030
-206,4817,"0x12D1",16,-206.019,0.019,-205.994,-0.006
-205,4834,"0x12E2",17,-204.981,-0.019,-204.956,-0.044
-204,4850,"0x12F2",16,-204.004,0.004,-203.979,-0.021
-203,4867,"0x1303",17,-202.967,-0.033,-202.942,-0.058
-202,4883,"0x1313",16,-201.990,-0.010,-201.965,-0.035
-201,4899,"0x1323",16,-201.013,0.013,-200.989,-0.011
-200,4916,"0x1334",17,-199.976,-0.024,-199.951,-0.049
-199,4932,"0x1344",16,-198.999,-0.001,-198.975,-0.025
-198,4948,"0x1354",16,-198.022,0.022,-197.998,-0.002
-197,4965,"0x1365",17,-196.984,-0.016,-196.960,-0.040
-196,4981,"0x1375",16,-196.008,0.008,-195.984,-0.016
-195,4998,"0x1386",17,-194.970,-0.030,-194.946,-0.054
-194,5014,"0x1396",16,-193.993,-0.007,-193.970,-0.030
-193,5030,"0x13A6",16,-193.017,0.017,-192.993,-0.007
-192,5047,"0x13B7",17,-191.979,-0.021,-191.956,-0.044
-191,5063,"0x13C7",16,-191.002,0.002,-190.979,-0.021
-190,5080,"0x13D8",17,-189.965,-0.035,-189.941,-0.059
-189,5096,"0x13E8",16,-188.988,-0.012,-188.965,-0.035
-188,5112,"0x13F8",16,-188.011,0.011,-187.988,-0.012
-187,5129,"0x1409",17,-186.974,-0.026,-186.951,-0.049
-186,5145,"0x1419",16,-185.997,-0.003,-185.974,-0.026
-185,5161,"0x1429",16,-185.020,0.020,-184.998,-0.002
-184,5178,"0x143A",17,-183.982,-0.018,-183.960,-0.040
-183,5194,"0x144A",16,-183.006,0.006,-182.983,-0.017
-182,5211,"0x145B",17,-181.968,-0.032,-181.946,-0.054
-181,5227,"0x146B",16,-180.991,-0.009,-180.969,-0.031
-180,5243,"0x147B",16,-180.015,0.015,-179.993,-0.007
-179,5260,"0x148C",17,-178.977,-0.023,-178.955,-0.045
-178,5276,"0x149C",16,-178.000,0.000,-177.979,-0.021
-177,5293,"0x14AD",17,-176.963,-0.037,-176.941,-0.059
-176,5309,"0x14BD",16,-175.986,-0.014,-175.964,-0.036
-175,5325,"0x14CD",16,-175.009,0.009,-174.988,-0.012
-174,5342,"0x14DE",17,-173.971,-0.029,-173.950,-0.050
-173,5358,"0x14EE",16,-172.995,-0.005,-172.974,-0.026
-172,5374,"0x14FE",16,-172.018,0.018,-171.997,-0.003
-171,5391,"0x150F",17,-170.980,-0.020,-170.959,-0.041
-170,5407,"0x151F",16,-170.004,0.004,-169.983,-0.017
-169,5424,"0x1530",17,-168.966,-0.034,-168.945,-0.055
-168,5440,"0x1540",16,-167.989,-0.011,-167.969,-0.031
-167,5456,"0x1550",16,-167.013,0.013,-166.992,-0.008
-166,5473,"0x1561",17,-165.975,-0.025,-165.955,-0.045
-165,5489,"0x1571",16,-164.998,-0.002,-164.978,-0.022
-164,5506,"0x1582",17,-163.960,-0.040,-163.940,-0.060
-163,5522,"0x1592",16,-162.984,-0.016,-162.964,-0.036
-162,5538,"0x15A2",16,-162.007,0.007,-161.987,-0.013
-161,5555,"0x15B3",17,-160.969,-0.031,-160.950,-0.050
-160,5571,"0x15C3",16,-159.993,-0.007,-159.973,-0.027
-159,5587,"0x15D3",16,-159.016,0.016,-158.997,-0.003
-158,5604,"0x15E4",17,-157.978,-0.022,-157.959,-0.041
-157,5620,"0x15F4",16,-157.002,0.002,-156.982,-0.018
-156,5637,"0x1605",17,-155.964,-0.036,-155.945,-0.055
-155,5653,"0x1615",16,-154.987,-0.013,-154.968,-0.032
-154,5669,"0x1625",16,-154.010,0.010,-153.992,-0.008
-153,5686,"0x1636",17,-152.973,-0.027,-152.954,-0.046
-152,5702,"0x1646",16,-151.996,-0.004,-151.978,-0.022
-151,5719,"0x1657",17,-150.958,-0.042,-150.940,-0.060
-150,5735,"0x1667",16,-149.982,-0.018,-149.963,-0.037
-149,5751,"0x1677",16,-149.005,0.005,-148.987,-0.013
-148,5768,"0x1688",17,-147.967,-0.033,-147.949,-0.051
-147,5784,"0x1698",16,-146.991,-0.009,-146.973,-0.027
-146,5800,"0x16A8",16,-146.014,0.014,-145.996,-0.004
-145,5817,"0x16B9",17,-144.976,-0.024,-144.958,-0.042
-144,5833,"0x16C9",16,-144.000,-0.000,-143.982,-0.018
-143,5850,"0x16DA",17,-142.962,-0.038,-142.944,-0.056
-142,5866,"0x16EA",16,-141.985,-0.015,-141.968,-0.032
-141,5882,"0x16FA",16,-141.008,0.008,-140.991,-0.009
-140,5899,"0x170B",17,-139.971,-0.029,-139.954,-0.046
-139,5915,"0x171B",16,-138.994,-0.006,-138.977,-0.023
-138,5932,"0x172C",17,-137.956,-0.044,-137.939,-0.061
-137,5948,"0x173C",16,-136.980,-0.020,-136.963,-0.037
-136,5964,"0x174C",16,-136.003,0.003,-135.986,-0.014
-135,5981,"0x175D",17,-134.965,-0.035,-134.949,-0.051
-134,5997,"0x176D",16,-133.989,-0.011,-133.972,-0.028
-133,6013,"0x177D",16,-133.012,0.012,-132.996,-0.004
-132,6030,"0x178E",17,-131.974,-0.026,-131.958,-0.042
-131,6046,"0x179E",16,-130.997,-0.003,-130.981,-0.019
-130,6063,"0x17AF",17,-129.960,-0.040,-129.944,-0.056
-129,6079,"0x17BF",16,-128.983,-0.017,-128.967,-0.033
-128,6095,"0x17CF",16,-128.006,0.006,-127.991,-0.009
-127,6112,"0x17E0",17,-126.969,-0.031,-126.953,-0.047
-126,6128,"0x17F0",16,-125.992,-0.008,-125.977,-0.023
-125,6144,"0x1800",16,-125.015,0.015,-125.000,0.000
-124,6161,"0x1811",17,-123.978,-0.022,-123.962,-0.038
-123,6177,"0x1821",16,-123.001,0.001,-122.986,-0.014
-122,6194,"0x1832",17,-121.963,-0.037,-121.948,-0.052
-121,6210,"0x1842",16,-120.986,-0.014,-120.972,-0.028
-120,6226,"0x1852",16,-120.010,0.010,-119.995,-0.005
-119,6243,"0x1863",17,-118.972,-0.028,-118.958,-0.042
-118,6259,"0x1873",16,-117.995,-0.005,-117.981,-0.019
-117,6276,"0x1884",17,-116.958,-0.042,-116.943,-0.057
-116,6292,"0x1894",16,-115.981,-0.019,-115.967,-0.033
-115,6308,"0x18A4",16,-115.004,0.004,-114.990,-0.010
-114,6325,"0x18B5",17,-113.967,-0.033,-113.953,-0.047
-113,6341,"0x18C5",16,-112.990,-0.010,-112.976,-0.024
-112,6357,"0x18D5",16,-112.013,0.013,-112.000,-0.000
-111,6374,"0x18E6",17,-110.975,-0.025,-110.962,-0.038
-110,6390,"0x18F6",16,-109.999,-0.001,-109.985,-0.015
-109,6407,"0x1907",17,-108.961,-0.039,-108.948,-0.052
-108,6423,"0x1917",16,-107.984,-0.016,-107.971,-0.029
-107,6439,"0x1927",16,-107.008,0.008,-106.995,-0.005
-106,6456,"0x1938",17,-105.970,-0.030,-105.957,-0.043
-105,6472,"0x1948",16,-104.993,-0.007,-104.980,-0.020
-104,6489,"0x1959",17,-103.956,-0.044,-103.943,-0.057
-103,6505,"0x1969",16,-102.979,-0.021,-102.966,-0.034
-102,6521,"0x1979",16,-102.002,0.002,-101.990,-0.010
-101,6538,"0x198A",17,-100.964,-0.036,-100.952,-0.048
-100,6554,"0x199A",16,-99.988,-0.012,-99.976,-0.024
-99,6570,"0x19AA",16,-99.011,0.011,-98.999,-0.001
-98,6587,"0x19BB",17,-97.973,-0.027,-97.961,-0.039
-97,6603,"0x19CB",16,-96.997,-0.003,-96.985,-0.015
-96,6620,"0x19DC",17,-95.959,-0.041,-95.947,-0.053
-95,6636,"0x19EC",16,-94.982,-0.018,-94.971,-0.029
-94,6652,"0x19FC",16,-94.006,0.006,-93.994,-0.006
-93,6669,"0x1A0D",17,-92.968,-0.032,-92.957,-0.043
-92,6685,"0x1A1D",16,-91.991,-0.009,-91.980,-0.020
-91,6702,"0x1A2E",17,-90.953,-0.047,-90.942,-0.058
-90,6718,"0x1A3E",16,-89.977,-0.023,-89.966,-0.034
-89,6734,"0x1A4E",16,-89.000,0.000,-88.989,-0.011
-88,6751,"0x1A5F",17,-87.962,-0.038,-87.952,-0.048
-87,6767,"0x1A6F",16,-86.986,-0.014,-86.975,-0.025
-86,6783,"0x1A7F",16,-86.009,0.009,-85.999,-0.001
-85,6800,"0x1A90",17,-84.971,-0.029,-84.961,-0.039
-84,6816,"0x1AA0",16,-83.995,-0.005,-83.984,-0.016
-83,6833,"0x1AB1",17,-82.957,-0.043,-82.947,-0.053
-82,6849,"0x1AC1",16,-81.980,-0.020,-81.970,-0.030
-81,6865,"0x1AD1",16,-81.004,0.004,-80.994,-0.006
-80,6882,"0x1AE2",17,-79.966,-0.034,-79.956,-0.044
-79,6898,"0x1AF2",16,-78.989,-0.011,-78.979,-0.021
-78,6915,"0x1B03",17,-77.951,-0.049,-77.942,-0.058
-77,6931,"0x1B13",16,-76.975,-0.025,-76.965,-0.035
-76,6947,"0x1B23",16,-75.998,-0.002,-75.989,-0.011
-75,6964,"0x1B34",17,-74.960,-0.040,-74.951,-0.049
-74,6980,"0x1B44",16,-73.984,-0.016,-73.975,-0.025
-73,6996,"0x1B54",16,-73.007,0.007,-72.998,-0.002
-72,7013,"0x1B65",17,-71.969,-0.031,-71.960,-0.040
-71,7029,"0x1B75",16,-70.993,-0.007,-70.984,-0.016
-70,7046,"0x1B86",17,-69.955,-0.045,-69.946,-0.054
-69,7062,"0x1B96",16,-68.978,-0.022,-68.970,-0.030
-68,7078,"0x1BA6",16,-68.001,0.001,-67.993,-0.007
-67,7095,"0x1BB7",17,-66.964,-0.036,-66.956,-0.044
-66,7111,"0x1BC7",16,-65.987,-0.013,-65.979,-0.021
-65,7128,"0x1BD8",17,-64.949,-0.051,-64.941,-0.059
-64,7144,"0x1BE8",16,-63.973,-0.027,-63.965,-0.035
-63,7160,"0x1BF8",16,-62.996,-0.004,-62.988,-0.012
-62,7177,"0x1C09",17,-61.958,-0.042,-61.951,-0.049
-61,7193,"0x1C19",16,-60.982,-0.018,-60.974,-0.026
-60,7209,"0x1C29",16,-60.005,0.005,-59.998,-0.002
-59,7226,"0x1C3A",17,-58.967,-0.033,-58.960,-0.040
-58,7242,"0x1C4A",16,-57.990,-0.010,-57.983,-0.017
-57,7259,"0x1C5B",17,-56.953,-0.047,-56.946,-0.054
-56,7275,"0x1C6B",16,-55.976,-0.024,-55.969,-0.031
-55,7291,"0x1C7B",16,-54.999,-0.001,-54.993,-0.007
-54,7308,"0x1C8C",17,-53.962,-0.038,-53.955,-0.045
-53,7324,"0x1C9C",16,-52.985,-0.015,-52.979,-0.021
-52,7341,"0x1CAD",17,-51.947,-0.053,-51.941,-0.059
-51,7357,"0x1CBD",16,-50.971,-0.029,-50.964,-0.036
-50,7373,"0x1CCD",16,-49.994,-0.006,-49.988,-0.012
-49,7390,"0x1CDE",17,-48.956,-0.044,-48.950,-0.050
-48,7406,"0x1CEE",16,-47.979,-0.021,-47.974,-0.026
-47,7422,"0x1CFE",16,-47.003,0.003,-46.997,-0.003
-46,7439,"0x1D0F",17,-45.965,-0.035,-45.959,-0.041
-45,7455,"0x1D1F",16,-44.988,-0.012,-44.983,-0.017
-44,7472,"0x1D30",17,-43.951,-0.049,-43.945,-0.055
-43,7488,"0x1D40",16,-42.974,-0.026,-42.969,-0.031
-42,7504,"0x1D50",16,-41.997,-0.003,-41.992,-0.008
-41,7521,"0x1D61",17,-40.960,-0.040,-40.955,-0.045
-40,7537,"0x1D71",16,-39.983,-0.017,-39.978,-0.022
-39,7554,"0x1D82",17,-38.945,-0.055,-38.940,-0.060
-38,7570,"0x1D92",16,-37.969,-0.031,-37.964,-0.036
-37,7586,"0x1DA2",16,-36.992,-0.008,-36.987,-0.013
-36,7603,"0x1DB3",17,-35.954,-0.046,-35.950,-0.050
-35,7619,"0x1DC3",16,-34.977,-0.023,-34.973,-0.027
-34,7635,"0x1DD3",16,-34.001,0.001,-33.997,-0.003
-33,7652,"0x1DE4",17,-32.963,-0.037,-32.959,-0.041
-32,7668,"0x1DF4",16,-31.986,-0.014,-31.982,-0.018
-31,7685,"0x1E05",17,-30.949,-0.051,-30.945,-0.055
-30,7701,"0x1E15",16,-29.972,-0.028,-29.968,-0.032
-29,7717,"0x1E25",16,-28.995,-0.005,-28.992,-0.008
-28,7734,"0x1E36",17,-27.958,-0.042,-27.954,-0.046
-27,7750,"0x1E46",16,-26.981,-0.019,-26.978,-0.022
-26,7767,"0x1E57",17,-25.943,-0.057,-25.940,-0.060
-25,7783,"0x1E67",16,-24.966,-0.034,-24.963,-0.037
-24,7799,"0x1E77",16,-23.990,-0.010,-23.987,-0.013
-23,7816,"0x1E88",17,-22.952,-0.048,-22.949,-0.051
-22,7832,"0x1E98",16,-21.975,-0.025,-21.973,-0.027
-21,7848,"0x1EA8",16,-20.999,-0.001,-20.996,-0.004
-20,7865,"0x1EB9",17,-19.961,-0.039,-19.958,-0.042
-19,7881,"0x1EC9",16,-18.984,-0.016,-18.982,-0.018
-18,7898,"0x1EDA",17,-17.947,-0.053,-17.944,-0.056
-17,7914,"0x1EEA",16,-16.970,-0.030,-16.968,-0.032
-16,7930,"0x1EFA",16,-15.993,-0.007,-15.991,-0.009
-15,7947,"0x1F0B",17,-14.955,-0.045,-14.954,-0.046
-14,7963,"0x1F1B",16,-13.979,-0.021,-13.977,-0.023
-13,7980,"0x1F2C",17,-12.941,-0.059,-12.939,-0.061
-12,7996,"0x1F3C",16,-11.964,-0.036,-11.963,-0.037
-11,8012,"0x1F4C",16,-10.988,-0.012,-10.986,-0.014
-10,8029,"0x1F5D",17,-9.950,-0.050,-9.949,-0.051
-9,8045,"0x1F6D",16,-8.973,-0.027,-8.972,-0.028
-8,8061,"0x1F7D",16,-7.997,-0.003,-7.996,-0.004
-7,8078,"0x1F8E",17,-6.959,-0.041,-6.958,-0.042
-6,8094,"0x1F9E",16,-5.982,-0.018,-5.981,-0.019
-5,8111,"0x1FAF",17,-4.944,-0.056,-4.944,-0.056
-4,8127,"0x1FBF",16,-3.968,-0.032,-3.967,-0.033
-3,8143,"0x1FCF",16,-2.991,-0.009,-2.991,-0.009
-2,8160,"0x1FE0",17,-1.953,-0.047,-1.953,-0.047
-1,8176,"0x1FF0",16,-0.977,-0.023,-0.977,-0.023
0,8192,"0x2000",16,0.000,0.000,0.000,0.000
1,8208,"0x2010",16,0.977,0.023,0.977,0.023
2,8224,"0x2020",16,1.953,0.047,1.953,0.047
3,8241,"0x2031",17,2.991,0.009,2.991,0.009
4,8257,"0x2041",16,3.968,0.032,3.968,0.032
5,8273,"0x2051",16,4.944,0.056,4.944,0.056
6,8290,"0x2062",17,5.982,0.018,5.982,0.018
7,8306,"0x2072",16,6.959,0.041,6.959,0.041
8,8323,"0x2083",17,7.997,0.003,7.997,0.003
9,8339,"0x2093",16,8.973,0.027,8.973,0.027
10,8355,"0x20A3",16,9.950,0.050,9.950,0.050
11,8372,"0x20B4",17,10.988,0.012,10.988,0.012
12,8388,"0x20C4",16,11.964,0.036,11.964,0.036
13,8404,"0x20D4",16,12.941,0.059,12.941,0.059
14,8421,"0x20E5",17,13.979,0.021,13.979,0.021
15,8437,"0x20F5",16,14.955,0.045,14.955,0.045
16,8454,"0x2106",17,15.993,0.007,15.993,0.007
17,8470,"0x2116",16,16.970,0.030,16.970,0.030
18,8486,"0x2126",16,17.947,0.053,17.947,0.053
19,8503,"0x2137",17,18.984,0.016,18.984,0.016
20,8519,"0x2147",16,19.961,0.039,19.961,0.039
21,8536,"0x2158",17,20.999,0.001,20.999,0.001
22,8552,"0x2168",16,21.975,0.025,21.975,0.025
23,8568,"0x2178",16,22.952,0.048,22.952,0.048
24,8585,"0x2189",17,23.990,0.010,23.990,0.010
25,8601,"0x2199",16,24.966,0.034,24.966,0.034
26,8617,"0x21A9",16,25.943,0.057,25.943,0.057
27,8634,"0x21BA",17,26.981,0.019,26.981,0.019
28,8650,"0x21CA",16,27.958,0.042,27.958,0.042
29,8667,"0x21DB",17,28.995,0.005,28.995,0.005
30,8683,"0x21EB",16,29.972,0.028,29.972,0.028
31,8699,"0x21FB",16,30.949,0.051,30.949,0.051
32,8716,"0x220C",17,31.986,0.014,31.986,0.014
33,8732,"0x221C",16,32.963,0.037,32.963,0.037
34,8748,"0x222C",16,33.940,0.060,33.940,0.060
35,8765,"0x223D",17,34.977,0.023,34.977,0.023
36,8781,"0x224D",16,35.954,0.046,35.954,0.046
37,8798,"0x225E",17,36.992,0.008,36.992,0.008
38,8814,"0x226E",16,37.969,0.031,37.969,0.031
39,8830,"0x227E",16,38.945,0.055,38.945,0.055
40,8847,"0x228F",17,39.983,0.017,39.983,0.017
41,8863,"0x229F",16,40.960,0.040,40.960,0.040
42,8880,"0x22B0",17,41.997,0.003,41.997,0.003
43,8896,"0x22C0",16,42.974,0.026,42.974,0.026
44,8912,"0x22D0",16,43.951,0.049,43.951,0.049
45,8929,"0x22E1",17,44.988,0.012,44.988,0.012
46,8945,"0x22F1",16,45.965,0.035,45.965,0.035
47,8961,"0x2301",16,46.942,0.058,46.942,0.058
48,8978,"0x2312",17,47.979,0.021,47.979,0.021
49,8994,"0x2322",16,48.956,0.044,48.956,0.044
50,9011,"0x2333",17,49.994,0.006,49.994,0.006
51,9027,"0x2343",16,50.971,0.029,50.971,0.029
52,9043,"0x2353",16,51.947,0.053,51.947,0.053
53,9060,"0x2364",17,52.985,0.015,52.985,0.015
54,9076,"0x2374",16,53.962,0.038,53.962,0.038
55,9093,"0x2385",17,54.999,0.001,54.999,0.001
56,9109,"0x2395",16,55.976,0.024,55.976,0.024
57,9125,"0x23A5",16,56.953,0.047,56.953,0.047
58,9142,"0x23B6",17,57.990,0.010,57.990,0.010
59,9158,"0x23C6",16,58.967,0.033,58.967,0.033
60,9174,"0x23D6",16,59.944,0.056,59.944,0.056
61,9191,"0x23E7",17,60.982,0.018,60.982,0.018
62,9207,"0x23F7",16,61.958,0.042,61.958,0.042
63,9224,"0x2408",17,62.996,0.004,62.996,0.004
64,9240,"0x2418",16,63.973,0.027,63.973,0.027
65,9256,"0x2428",16,64.949,0.051,64.949,0.051
66,9273,"0x2439",17,65.987,0.013,65.987,0.013
67,9289,"0x2449",16,66.964,0.036,66.964,0.036
68,9305,"0x2459",16,67.940,0.060,67.940,0.060
69,9322,"0x246A",17,68.978,0.022,68.978,0.022
70,9338,"0x247A",16,69.955,0.045,69.955,0.045
71,9355,"0x248B",17,70.993,0.007,70.993,0.007
72,9371,"0x249B",16,71.969,0.031,71.969,0.031
73,9387,"0x24AB",16,72.946,0.054,72.946,0.054
74,9404,"0x24BC",17,73.984,0.016,73.984,0.016
75,9420,"0x24CC",16,74.960,0.040,74.960,0.040
76,9437,"0x24DD",17,75.998,0.002,75.998,0.002
77,9453,"0x24ED",16,76.975,0.025,76.975,0.025
78,9469,"0x24FD",16,77.951,0.049,77.951,0.049
79,9486,"0x250E",17,78.989,0.011,78.989,0.011
80,9502,"0x251E",16,79.966,0.034,79.966,0.034
81,9518,"0x252E",16,80.942,0.058,80.942,0.058
82,9535,"0x253F",17,81.980,0.020,81.980,0.020
83,9551,"0x254F",16,82.957,0.043,82.957,0.043
84,9568,"0x2560",17,83.995,0.005,83.995,0.005
85,9584,"0x2570",16,84.971,0.029,84.971,0.029
86,9600,"0x2580",16,85.948,0.052,85.948,0.052
87,9617,"0x2591",17,86.986,0.014,86.986,0.014
88,9633,"0x25A1",16,87.962,0.038,87.962,0.038
89,9649,"0x25B1",16,88.939,0.061,88.939,0.061
90,9666,"0x25C2",17,89.977,0.023,89.977,0.023
91,9682,"0x25D2",16,90.953,0.047,90.953,0.047
92,9699,"0x25E3",17,91.991,0.009,91.991,0.009
93,9715,"0x25F3",16,92.968,0.032,92.968,0.032
94,9731,"0x2603",16,93.945,0.055,93.945,0.055
95,9748,"0x2614",17,94.982,0.018,94.982,0.018
96,9764,"0x2624",16,95.959,0.041,95.959,0.041
97,9781,"0x2635",17,96.997,0.003,96.997,0.003
98,9797,"0x2645",16,97.973,0.027,97.973,0.027
99,9813,"0x2655",16,98.950,0.050,98.950,0.050
100,9830,"0x2666",17,99.988,0.012,99.988,0.012
101,9846,"0x2676",16,100.964,0.036,100.964,0.036
102,9862,"0x2686",16,101.941,0.059,101.941,0.059
103,9879,"0x2697",17,102.979,0.021,102.979,0.021
104,9895,"0x26A7",16,103.956,0.044,103.956,0.044
105,9912,"0x26B8",17,104.993,0.007,104.993,0.007
106,9928,"0x26C8",16,105.970,0.030,105.970,0.030
107,9944,"0x26D8",16,106.947,0.053,106.947,0.053
108,9961,"0x26E9",17,107.984,0.016,107.984,0.016
109,9977,"0x26F9",16,108.961,0.039,108.961,0.039
110,9994,"0x270A",17,109.999,0.001,109.999,0.001
111,10010,"0x271A",16,110.975,0.025,110.975,0.025
112,10026,"0x272A",16,111.952,0.048,111.952,0.048
113,10043,"0x273B",17,112.990,0.010,112.990,0.010
114,10059,"0x274B",16,113.967,0.033,113.967,0.033
115,10075,"0x275B",16,114.943,0.057,114.943,0.057
116,10092,"0x276C",17,115.981,0.019,115.981,0.019
117,10108,"0x277C",16,116.958,0.042,116.958,0.042
118,10125,"0x278D",17,117.995,0.005,117.995,0.005
119,10141,"0x279D",16,118.972,0.028,118.972,0.028
120,10157,"0x27AD",16,119.949,0.051,119.949,0.051
121,10174,"0x27BE",17,120.986,0.014,120.986,0.014
122,10190,"0x27CE",16,121.963,0.037,121.963,0.037
123,10206,"0x27DE",16,122.940,0.060,122.940,0.060
124,10223,"0x27EF",17,123.978,0.022,123.978,0.022
125,10239,"0x27FF",16,124.954,0.046,124.954,0.046
126,10256,"0x2810",17,125.992,0.008,125.992,0.008
127,10272,"0x2820",16,126.969,0.031,126.969,0.031
128,10288,"0x2830",16,127.945,0.055,127.945,0.055
129,10305,"0x2841",17,128.983,0.017,128.983,0.017
130,10321,"0x2851",16,129.960,0.040,129.960,0.040
131,10338,"0x2862",17,130.997,0.003,130.997,0.003
132,10354,"0x2872",16,131.974,0.026,131.974,0.026
133,10370,"0x2882",16,132.951,0.049,132.951,0.049
134,10387,"0x2893",17,133.989,0.011,133.989,0.011
135,10403,"0x28A3",16,134.965,0.035,134.965,0.035
136,10419,"0x28B3",16,135.942,0.058,135.942,0.058
137,10436,"0x28C4",17,136.980,0.020,136.980,0.020
138,10452,"0x28D4",16,137.956,0.044,137.956,0.044
139,10469,"0x28E5",17,138.994,0.006,138.994,0.006
140,10485,"0x28F5",16,139.971,0.029,139.971,0.029
141,10501,"0x2905",16,140.947,0.053,140.947,0.053
142,10518,"0x2916",17,141.985,0.015,141.985,0.015
143,10534,"0x2926",16,142.962,0.038,142.962,0.038
144,10551,"0x2937",17,144.000,0.000,144.000,0.000
145,10567,"0x2947",16,144.976,0.024,144.976,0.024
146,10583,"0x2957",16,145.953,0.047,145.953,0.047
147,10600,"0x2968",17,146.991,0.009,146.991,0.009
148,10616,"0x2978",16,147.967,0.033,147.967,0.033
149,10632,"0x2988",16,148.944,0.056,148.944,0.056
150,10649,"0x2999",17,149.982,0.018,149.982,0.018
151,10665,"0x29A9",16,150.958,0.042,150.958,0.042
152,10682,"0x29BA",17,151.996,0.004,151.996,0.004
153,10698,"0x29CA",16,152.973,0.027,152.973,0.027
154,10714,"0x29DA",16,153.949,0.051,153.949,0.051
155,10731,"0x29EB",17,154.987,0.013,154.987,0.013
156,10747,"0x29FB",16,155.964,0.036,155.964,0.036
157,10763,"0x2A0B",16,156.941,0.059,156.941,0.059
158,10780,"0x2A1C",17,157.978,0.022,157.978,0.022
159,10796,"0x2A2C",16,158.955,0.045,158.955,0.045
160,10813,"0x2A3D",17,159.993,0.007,159.993,0.007
161,10829,"0x2A4D",16,160.969,0.031,160.969,0.031
162,10845,"0x2A5D",16,161.946,0.054,161.946,0.054
163,10862,"0x2A6E",17,162.984,0.016,162.984,0.016
164,10878,"0x2A7E",16,163.960,0.040,163.960,0.040
165,10895,"0x2A8F",17,164.998,0.002,164.998,0.002
166,10911,"0x2A9F",16,165.975,0.025,165.975,0.025
167,10927,"0x2AAF",16,166.952,0.048,166.952,0.048
168,10944,"0x2AC0",17,167.989,0.011,167.989,0.011
169,10960,"0x2AD0",16,168.966,0.034,168.966,0.034
170,10976,"0x2AE0",16,169.943,0.057,169.943,0.057
171,10993,"0x2AF1",17,170.980,0.020,170.980,0.020
172,11009,"0x2B01",16,171.957,0.043,171.957,0.043
173,11026,"0x2B12",17,172.995,0.005,172.995,0.005
174,11042,"0x2B22",16,173.971,0.029,173.971,0.029
175,11058,"0x2B32",16,174.948,0.052,174.948,0.052
176,11075,"0x2B43",17,175.986,0.014,175.986,0.014
177,11091,"0x2B53",16,176.963,0.037,176.963,0.037
178,11107,"0x2B63",16,177.939,0.061,177.939,0.061
179,11124,"0x2B74",17,178.977,0.023,178.977,0.023
180,11140,"0x2B84",16,179.954,0.046,179.954,0.046
181,11157,"0x2B95",17,180.991,0.009,180.991,0.009
182,11173,"0x2BA5",16,181.968,0.032,181.968,0.032
183,11189,"0x2BB5",16,182.945,0.055,182.945,0.055
184,11206,"0x2BC6",17,183.982,0.018,183.982,0.018
185,11222,"0x2BD6",16,184.959,0.041,184.959,0.041
186,11239,"0x2BE7",17,185.997,0.003,185.997,0.003
187,11255,"0x2BF7",16,186.974,0.026,186.974,0.026
188,11271,"0x2C07",16,187.950,0.050,187.950,0.050
189,11288,"0x2C18",17,188.988,0.012,188.988,0.012
190,11304,"0x2C28",16,189.965,0.035,189.965,0.035
191,11320,"0x2C38",16,190.941,0.059,190.941,0.059
192,11337,"0x2C49",17,191.979,0.021,191.979,0.021
193,11353,"0x2C59",16,192.956,0.044,192.956,0.044
194,11370,"0x2C6A",17,193.993,0.007,193.993,0.007
195,11386,"0x2C7A",16,194.970,0.030,194.970,0.030
196,11402,"0x2C8A",16,195.947,0.053,195.947,0.053
197,11419,"0x2C9B",17,196.984,0.016,196.984,0.016
198,11435,"0x2CAB",16,197.961,0.039,197.961,0.039
199,11452,"0x2CBC",17,198.999,0.001,198.999,0.001
200,11468,"0x2CCC",16,199.976,0.024,199.976,0.024
201,11484,"0x2CDC",16,200.952,0.048,200.952,0.048
202,11501,"0x2CED",17,201.990,0.010,201.990,0.010
203,11517,"0x2CFD",16,202.967,0.033,202.967,0.033
204,11533,"0x2D0D",16,203.943,0.057,203.943,0.057
205,11550,"0x2D1E",17,204.981,0.019,204.981,0.019
206,11566,"0x2D2E",16,205.958,0.042,205.958,0.042
207,11583,"0x2D3F",17,206.995,0.005,206.995,0.005
208,11599,"0x2D4F",16,207.972,0.028,207.972,0.028
209,11615,"0x2D5F",16,208.949,0.051,208.949,0.051
210,11632,"0x2D70",17,209.987,0.013,209.987,0.013
211,11648,"0x2D80",16,210.963,0.037,210.963,0.037
212,11664,"0x2D90",16,211.940,0.060,211.940,0.060
213,11681,"0x2DA1",17,212.978,0.022,212.978,0.022
214,11697,"0x2DB1",16,213.954,0.046,213.954,0.046
215,11714,"0x2DC2",17,214.992,0.008,214.992,0.008
216,11730,"0x2DD2",16,215.969,0.031,215.969,0.031
217,11746,"0x2DE2",16,216.945,0.055,216.945,0.055
218,11763,"0x2DF3",17,217.983,0.017,217.983,0.017
219,11779,"0x2E03",16,218.960,0.040,218.960,0.040
220,11796,"0x2E14",17,219.998,0.002,219.998,0.002
221,11812,"0x2E24",16,220.974,0.026,220.974,0.026
222,11828,"0x2E34",16,221.951,0.049,221.951,0.049
223,11845,"0x2E45",17,222.989,0.011,222.989,0.011
224,11861,"0x2E55",16,223.965,0.035,223.965,0.035
225,11877,"0x2E65",16,224.942,0.058,224.942,0.058
226,11894,"0x2E76",17,225.980,0.020,225.980,0.020
227,11910,"0x2E86",16,226.956,0.044,226.956,0.044
228,11927,"0x2E97",17,227.994,0.006,227.994,0.006
229,11943,"0x2EA7",16,228.971,0.029,228.971,0.029
230,11959,"0x2EB7",16,229.948,0.052,229.948,0.052
231,11976,"0x2EC8",17,230.985,0.015,230.985,0.015
232,11992,"0x2ED8",16,231.962,0.038,231.962,0.038
233,12009,"0x2EE9",17,233.000,0.000,233.000,0.000
234,12025,"0x2EF9",16,233.976,0.024,233.976,0.024
235,12041,"0x2F09",16,234.953,0.047,234.953,0.047
236,12058,"0x2F1A",17,235.991,0.009,235.991,0.009
237,12074,"0x2F2A",16,236.967,0.033,236.967,0.033
238,12090,"0x2F3A",16,237.944,0.056,237.944,0.056
239,12107,"0x2F4B",17,238.982,0.018,238.982,0.018
240,12123,"0x2F5B",16,239.958,0.042,239.958,0.042
241,12140,"0x2F6C",17,240.996,0.004,240.996,0.004
242,12156,"0x2F7C",16,241.973,0.027,241.973,0.027
243,12172,"0x2F8C",16,242.950,0.050,242.950,0.050
244,12189,"0x2F9D",17,243.987,0.013,243.987,0.013
245,12205,"0x2FAD",16,244.964,0.036,244.964,0.036
246,12221,"0x2FBD",16,245.941,0.059,245.941,0.059
247,12238,"0x2FCE",17,246.978,0.022,246.978,0.022
248,12254,"0x2FDE",16,247.955,0.045,247.955,0.045
249,12271,"0x2FEF",17,248.993,0.007,248.993,0.007
250,12287,"0x2FFF",16,249.969,0.031,249.969,0.031
251,12303,"0x300F",16,250.946,0.054,250.946,0.054
252,12320,"0x3020",17,251.984,0.016,251.984,0.016
253,12336,"0x3030",16,252.961,0.039,252.961,0.039
254,12353,"0x3041",17,253.998,0.002,253.998,0.002
255,12369,"0x3051",16,254.975,0.025,254.975,0.025
256,12385,"0x3061",16,255.952,0.048,255.952,0.048
257,12402,"0x3072",17,256.989,0.011,256.989,0.011
258,12418,"0x3082",16,257.966,0.034,257.966,0.034
259,12434,"0x3092",16,258.943,0.057,258.943,0.057
260,12451,"0x30A3",17,259.980,0.020,259.980,0.020
261,12467,"0x30B3",16,260.957,0.043,260.957,0.043
262,12484,"0x30C4",17,261.995,0.005,261.995,0.005
263,12500,"0x30D4",16,262.972,0.028,262.972,0.028
264,12516,"0x30E4",16,263.948,0.052,263.948,0.052
265,12533,"0x30F5",17,264.986,0.014,264.986,0.014
266,12549,"0x3105",16,265.963,0.037,265.963,0.037
267,12565,"0x3115",16,266.939,0.061,266.939,0.061
268,12582,"0x3126",17,267.977,0.023,267.977,0.023
269,12598,"0x3136",16,268.954,0.046,268.954,0.046
270,12615,"0x3147",17,269.991,0.009,269.991,0.009
271,12631,"0x3157",16,270.968,0.032,270.968,0.032
272,12647,"0x3167",16,271.945,0.055,271.945,0.055
273,12664,"0x3178",17,272.983,0.017,272.983,0.017
274,12680,"0x3188",16,273.959,0.041,273.959,0.041
275,12697,"0x3199",17,274.997,0.003,274.997,0.003
276,12713,"0x31A9",16,275.974,0.026,275.974,0.026
277,12729,"0x31B9",16,276.950,0.050,276.950,0.050
278,12746,"0x31CA",17,277.988,0.012,277.988,0.012
279,12762,"0x31DA",16,278.965,0.035,278.965,0.035
280,12778,"0x31EA",16,279.941,0.059,279.941,0.059
281,12795,"0x31FB",17,280.979,0.021,280.979,0.021
282,12811,"0x320B",16,281.956,0.044,281.956,0.044
283,12828,"0x321C",17,282.994,0.006,282.994,0.006
284,12844,"0x322C",16,283.970,0.030,283.970,0.030
285,12860,"0x323C",16,284.947,0.053,284.947,0.053
286,12877,"0x324D",17,285.985,0.015,285.985,0.015
287,12893,"0x325D",16,286.961,0.039,286.961,0.039
288,12910,"0x326E",17,287.999,0.001,287.999,0.001
289,12926,"0x327E",16,288.976,0.024,288.976,0.024
290,12942,"0x328E",16,289.952,0.048,289.952,0.048
291,12959,"0x329F",17,290.990,0.010,290.990,0.010
292,12975,"0x32AF",16,291.967,0.033,291.967,0.033
293,12991,"0x32BF",16,292.943,0.057,292.943,0.057
294,13008,"0x32D0",17,293.981,0.019,293.981,0.019
295,13024,"0x32E0",16,294.958,0.042,294.958,0.042
296,13041,"0x32F1",17,295.996,0.004,295.996,0.004
297,13057,"0x3301",16,296.972,0.028,296.972,0.028
298,13073,"0x3311",16,297.949,0.051,297.949,0.051
299,13090,"0x3322",17,298.987,0.013,298.987,0.013
300,13106,"0x3332",16,299.963,0.037,299.963,0.037
301,13122,"0x3342",16,300.940,0.060,300.940,0.060
302,13139,"0x3353",17,301.978,0.022,301.978,0.022
303,13155,"0x3363",16,302.954,0.046,302.954,0.046
304,13172,"0x3374",17,303.992,0.008,303.992,0.008
305,13188,"0x3384",16,304.969,0.031,304.969,0.031
306,13204,"0x3394",16,305.946,0.054,305.946,0.054
307,13221,"0x33A5",17,306.983,0.017,306.983,0.017
308,13237,"0x33B5",16,307.960,0.040,307.960,0.040
309,13254,"0x33C6",17,308.998,0.002,308.998,0.002
310,13270,"0x33D6",16,309.974,0.026,309.974,0.026
311,13286,"0x33E6",16,310.951,0.049,310.951,0.049
312,13303,"0x33F7",17,311.989,0.011,311.989,0.011
313,13319,"0x3407",16,312.965,0.035,312.965,0.035
314,13335,"0x3417",16,313.942,0.058,313.942,0.058
315,13352,"0x3428",17,314.980,0.020,314.980,0.020
316,13368,"0x3438",16,315.957,0.043,315.957,0.043
317,13385,"0x3449",17,316.994,0.006,316.994,0.006
318,13401,"0x3459",16,317.971,0.029,317.971,0.029
319,13417,"0x3469",16,318.948,0.052,318.948,0.052
320,13434,"0x347A",17,319.985,0.015,319.985,0.015
321,13450,"0x348A",16,320.962,0.038,320.962,0.038
322,13467,"0x349B",17,322.000,0.000,322.000,0.000
323,13483,"0x34AB",16,322.976,0.024,322.976,0.024
324,13499,"0x34BB",16,323.953,0.047,323.953,0.047
325,13516,"0x34CC",17,324.991,0.009,324.991,0.009
326,13532,"0x34DC",16,325.968,0.032,325.968,0.032
327,13548,"0x34EC",16,326.944,0.056,326.944,0.056
328,13565,"0x34FD",17,327.982,0.018,327.982,0.018
329,13581,"0x350D",16,328.959,0.041,328.959,0.041
330,13598,"0x351E",17,329.996,0.004,329.996,0.004
331,13614,"0x352E",16,330.973,0.027,330.973,0.027
332,13630,"0x353E",16,331.950,0.050,331.950,0.050
333,13647,"0x354F",17,332.987,0.013,332.987,0.013
334,13663,"0x355F",16,333.964,0.036,333.964,0.036
335,13679,"0x356F",16,334.941,0.059,334.941,0.059
336,13696,"0x3580",17,335.979,0.021,335.979,0.021
337,13712,"0x3590",16,336.955,0.045,336.955,0.045
338,13729,"0x35A1",17,337.993,0.007,337.993,0.007
339,13745,"0x35B1",16,338.970,0.030,338.970,0.030
340,13761,"0x35C1",16,339.946,0.054,339.946,0.054
341,13778,"0x35D2",17,340.984,0.016,340.984,0.016
342,13794,"0x35E2",16,341.961,0.039,341.961,0.039
343,13811,"0x35F3",17,342.998,0.002,342.998,0.002
344,13827,"0x3603",16,343.975,0.025,343.975,0.025
345,13843,"0x3613",16,344.952,0.048,344.952,0.048
346,13860,"0x3624",17,345.990,0.010,345.990,0.010
347,13876,"0x3634",16,346.966,0.034,346.966,0.034
348,13892,"0x3644",16,347.943,0.057,347.943,0.057
349,13909,"0x3655",17,348.981,0.019,348.981,0.019
350,13925,"0x3665",16,349.957,0.043,349.957,0.043
351,13942,"0x3676",17,350.995,0.005,350.995,0.005
352,13958,"0x3686",16,351.972,0.028,351.972,0.028
353,13974,"0x3696",16,352.948,0.052,352.948,0.052
354,13991,"0x36A7",17,353.986,0.014,353.986,0.014
355,14007,"0x36B7",16,354.963,0.037,354.963,0.037
356,14023,"0x36C7",16,355.939,0.061,355.939,0.061
357,14040,"0x36D8",17,356.977,0.023,356.977,0.023
358,14056,"0x36E8",16,357.954,0.046,357.954,0.046
359,14073,"0x36F9",17,358.992,0.008,358.992,0.008
360,14089,"0x3709",16,359.968,0.032,359.968,0.032
361,14105,"0x3719",16,360.945,0.055,360.945,0.055
362,14122,"0x372A",17,361.983,0.017,361.983,0.017
363,14138,"0x373A",16,362.959,0.041,362.959,0.041
364,14155,"0x374B",17,363.997,0.003,363.997,0.003
365,14171,"0x375B",16,364.974,0.026,364.974,0.026
366,14187,"0x376B",16,365.950,0.050,365.950,0.050
367,14204,"0x377C",17,366.988,0.012,366.988,0.012
368,14220,"0x378C",16,367.965,0.035,367.965,0.035
369,14236,"0x379C",16,368.942,0.058,368.942,0.058
370,14253,"0x37AD",17,369.979,0.021,369.979,0.021
371,14269,"0x37BD",16,370.956,0.044,370.956,0.044
372,14286,"0x37CE",17,371.994,0.006,371.994,0.006
373,14302,"0x37DE",16,372.970,0.030,372.970,0.030
374,14318,"0x37EE",16,373.947,0.053,373.947,0.053
375,14335,"0x37FF",17,374.985,0.015,374.985,0.015
376,14351,"0x380F",16,375.961,0.039,375.961,0.039
377,14368,"0x3820",17,376.999,0.001,376.999,0.001
378,14384,"0x3830",16,377.976,0.024,377.976,0.024
379,14400,"0x3840",16,378.953,0.047,378.953,0.047
380,14417,"0x3851",17,379.990,0.010,379.990,0.010
381,14433,"0x3861",16,380.967,0.033,380.967,0.033
382,14449,"0x3871",16,381.944,0.056,381.944,0.056
383,14466,"0x3882",17,382.981,0.019,382.981,0.019
384,14482,"0x3892",16,383.958,0.042,383.958,0.042
385,14499,"0x38A3",17,384.996,0.004,384.996,0.004
386,14515,"0x38B3",16,385.972,0.028,385.972,0.028
387,14531,"0x38C3",16,386.949,0.051,386.949,0.051
388,14548,"0x38D4",17,387.987,0.013,387.987,0.013
389,14564,"0x38E4",16,388.963,0.037,388.963,0.037
390,14580,"0x38F4",16,389.940,0.060,389.940,0.060
391,14597,"0x3905",17,390.978,0.022,390.978,0.022
392,14613,"0x3915",16,391.955,0.045,391.955,0.045
393,14630,"0x3926",17,392.992,0.008,392.992,0.008
394,14646,"0x3936",16,393.969,0.031,393.969,0.031
395,14662,"0x3946",16,394.946,0.054,394.946,0.054
396,14679,"0x3957",17,395.983,0.017,395.983,0.017
397,14695,"0x3967",16,396.960,0.040,396.960,0.040
398,14712,"0x3978",17,397.998,0.002,397.998,0.002
399,14728,"0x3988",16,398.974,0.026,398.974,0.026
400,14744,"0x3998",16,399.951,0.049,399.951,0.049
401,14761,"0x39A9",17,400.989,0.011,400.989,0.011
402,14777,"0x39B9",16,401.966,0.034,401.966,0.034
403,14793,"0x39C9",16,402.942,0.058,402.942,0.058
404,14810,"0x39DA",17,403.980,0.020,403.980,0.020
405,14826,"0x39EA",16,404.957,0.043,404.957,0.043
406,14843,"0x39FB",17,405.994,0.006,405.994,0.006
407,14859,"0x3A0B",16,406.971,0.029,406.971,0.029
408,14875,"0x3A1B",16,407.948,0.052,407.948,0.052
409,14892,"0x3A2C",17,408.985,0.015,408.985,0.015
410,14908,"0x3A3C",16,409.962,0.038,409.962,0.038
411,14925,"0x3A4D",17,411.000,0.000,411.000,0.000
412,14941,"0x3A5D",16,411.977,0.023,411.977,0.023
413,14957,"0x3A6D",16,412.953,0.047,412.953,0.047
414,14974,"0x3A7E",17,413.991,0.009,413.991,0.009
415,14990,"0x3A8E",16,414.968,0.032,414.968,0.032
416,15006,"0x3A9E",16,415.944,0.056,415.944,0.056
417,15023,"0x3AAF",17,416.982,0.018,416.982,0.018
418,15039,"0x3ABF",16,417.959,0.041,417.959,0.041
419,15056,"0x3AD0",17,418.996,0.004,418.996,0.004
420,15072,"0x3AE0",16,419.973,0.027,419.973,0.027
421,15088,"0x3AF0",16,420.950,0.050,420.950,0.050
422,15105,"0x3B01",17,421.988,0.012,421.988,0.012
423,15121,"0x3B11",16,422.964,0.036,422.964,0.036
424,15137,"0x3B21",16,423.941,0.059,423.941,0.059
425,15154,"0x3B32",17,424.979,0.021,424.979,0.021
426,15170,"0x3B42",16,425.955,0.045,425.955,0.045
427,15187,"0x3B53",17,426.993,0.007,426.993,0.007
428,15203,"0x3B63",16,427.970,0.030,427.970,0.030
429,15219,"0x3B73",16,428.946,0.054,428.946,0.054
430,15236,"0x3B84",17,429.984,0.016,429.984,0.016
431,15252,"0x3B94",16,430.961,0.039,430.961,0.039
432,15269,"0x3BA5",17,431.999,0.001,431.999,0.001
433,15285,"0x3BB5",16,432.975,0.025,432.975,0.025
434,15301,"0x3BC5",16,433.952,0.048,433.952,0.048
435,15318,"0x3BD6",17,434.990,0.010,434.990,0.010
436,15334,"0x3BE6",16,435.966,0.034,435.966,0.034
437,15350,"0x3BF6",16,436.943,0.057,436.943,0.057
438,15367,"0x3C07",17,437.981,0.019,437.981,0.019
439,15383,"0x3C17",16,438.957,0.043,438.957,0.043
440,15400,"0x3C28",17,439.995,0.005,439.995,0.005
441,15416,"0x3C38",16,440.972,0.028,440.972,0.028
442,15432,"0x3C48",16,441.948,0.052,441.948,0.052
443,15449,"0x3C59",17,442.986,0.014,442.986,0.014
444,15465,"0x3C69",16,443.963,0.037,443.963,0.037
445,15481,"0x3C79",16,444.940,0.060,444.940,0.060
446,15498,"0x3C8A",17,445.977,0.023,445.977,0.023
447,15514,"0x3C9A",16,446.954,0.046,446.954,0.046
448,15531,"0x3CAB",17,447.992,0.008,447.992,0.008
449,15547,"0x3CBB",16,448.968,0.032,448.968,0.032
450,15563,"0x3CCB",16,449.945,0.055,449.945,0.055
451,15580,"0x3CDC",17,450.983,0.017,450.983,0.017
452,15596,"0x3CEC",16,451.959,0.041,451.959,0.041
453,15613,"0x3CFD",17,452.997,0.003,452.997,0.003
454,15629,"0x3D0D",16,453.974,0.026,453.974,0.026
455,15645,"0x3D1D",16,454.951,0.049,454.951,0.049
456,15662,"0x3D2E",17,455.988,0.012,455.988,0.012
457,15678,"0x3D3E",16,456.965,0.035,456.965,0.035
458,15694,"0x3D4E",16,457.942,0.058,457.942,0.058
459,15711,"0x3D5F",17,458.979,0.021,458.979,0.021
460,15727,"0x3D6F",16,459.956,0.044,459.956,0.044
461,15744,"0x3D80",17,460.994,0.006,460.994,0.006
462,15760,"0x3D90",16,461.970,0.030,461.970,0.030
463,15776,"0x3DA0",16,462.947,0.053,462.947,0.053
464,15793,"0x3DB1",17,463.985,0.015,463.985,0.015
465,15809,"0x3DC1",16,464.962,0.038,464.962,0.038
466,15826,"0x3DD2",17,465.999,0.001,465.999,0.001
467,15842,"0x3DE2",16,466.976,0.024,466.976,0.024
468,15858,"0x3DF2",16,467.953,0.047,467.953,0.047
469,15875,"0x3E03",17,468.990,0.010,468.990,0.010
470,15891,"0x3E13",16,469.967,0.033,469.967,0.033
471,15907,"0x3E23",16,470.944,0.056,470.944,0.056
472,15924,"0x3E34",17,471.981,0.019,471.981,0.019
473,15940,"0x3E44",16,472.958,0.042,472.958,0.042
474,15957,"0x3E55",17,473.996,0.004,473.996,0.004
475,15973,"0x3E65",16,474.973,0.027,474.973,0.027
476,15989,"0x3E75",16,475.949,0.051,475.949,0.051
477,16006,"0x3E86",17,476.987,0.013,476.987,0.013
478,16022,"0x3E96",16,477.964,0.036,477.964,0.036
479,16038,"0x3EA6",16,478.940,0.060,478.940,0.060
480,16055,"0x3EB7",17,479.978,0.022,479.978,0.022
481,16071,"0x3EC7",16,480.955,0.045,480.955,0.045
482,16088,"0x3ED8",17,481.992,0.008,481.992,0.008
483,16104,"0x3EE8",16,482.969,0.031,482.969,0.031
484,16120,"0x3EF8",16,483.946,0.054,483.946,0.054
485,16137,"0x3F09",17,484.984,0.016,484.984,0.016
486,16153,"0x3F19",16,485.960,0.040,485.960,0.040
487,16170,"0x3F2A",17,486.998,0.002,486.998,0.002
488,16186,"0x3F3A",16,487.975,0.025,487.975,0.025
489,16202,"0x3F4A",16,488.951,0.049,488.951,0.049
490,16219,"0x3F5B",17,489.989,0.011,489.989,0.011
491,16235,"0x3F6B",16,490.966,0.034,490.966,0.034
492,16251,"0x3F7B",16,491.942,0.058,491.942,0.058
493,16268,"0x3F8C",17,492.980,0.020,492.980,0.020
494,16284,"0x3F9C",16,493.957,0.043,493.957,0.043
495,16301,"0x3FAD",17,494.995,0.005,494.995,0.005
496,16317,"0x3FBD",16,495.971,0.029,495.971,0.029
497,16333,"0x3FCD",16,496.948,0.052,496.948,0.052
498,16350,"0x3FDE",17,497.986,0.014,497.986,0.014
499,16366,"0x3FEE",16,498.962,0.038,498.962,0.038
500,16383,"0x3FFF",17,500.000,0.000,500.000,0.000
"Max Deviation",,,17,,0.061,,0.061
"Average Deviation",,,16.367,,0.025,,0.030
